0.926134109497
1.00628399849
0.868958950043
0.873383998871
1.06609797478
1.07066082954
0.775850057602
0.875597953796
0.884672880173
0.00168991088867
1.13279795647
0.702766895294
0.707431793213
1.29045200348
1.2596809864
1.2901661396
0.000144004821777
1.24856090546
1.25228095055
1.13788294792
1.14158701897
1.13572692871
1.1224219799
1.32392406464
1.31231403351
1.32226109505
0.0014169216156
1.06652092934
1.05278611183
1.05644607544
0.00145196914673
0.00377702713013
32.3192818165
32.5659480095
32.335545063
0.00381898880005
32.5004909039
0.241034984589
0.0217730998993
0.00319504737854
0.184223890305
0.242125034332
0.0223150253296
0.0032799243927
0.183886051178
186.062689781
0.0
0.0
0.0
7.86781311035e-06
0.0
0.0
0.0
0.0
0.0
0.0
0.0
0.0
0.0
0.0
0.0
0.0
0.0
0.0
0.0
0.0
0.0
0.0
0.0
0.0
0.0
0.0
0.0
94.7830560207
0.0
0.0
0.0
0.0
0.0
0.0
0.0
0.0
0.0
0.0
0.0
0.0
0.221819162369
0.162808895111
0.00428700447083
0.86265707016
0.969428062439
0.98553109169
0.780303001404
0.784629106522
0.875528097153
1.13292312622
1.13740992546
1.26276993752
1.24837517738
1.4324760437
0.00172686576843
1.13771414757
1.12682414055
1.13134407997
0.000662088394165
1.31236219406
1.31632995605
1.33390402794
1.32243013382
1.3262219429
0.24286198616
0.0222208499908
0.00332689285278
0.183628082275
0.244163990021
0.0210268497467
0.00343608856201
0.179292917252
183.061503172
0.0
0.0
0.0
0.0
0.0
0.0
0.0
0.0
0.0
0.0
0.0
0.0
0.0
0.0
0.0
0.0
0.0
0.0
0.0
3.42724084854
0.0
0.0
0.0
0.0
0.0
0.0
0.235753059387
0.162090063095
0.00522208213806
4.88758087158e-05
0.00259304046631
2.59876251221e-05
77.5952110291
0.000126123428345
0.00426506996155
0.00453209877014
0.248394012451
0.0233299732208
0.0033860206604
0.188449144363
0.239409923553
0.021653175354
0.00372910499573
0.184684991837
0.0
95.8128578663
0.0
0.0
0.0
0.0
0.0
0.0
0.0
0.0
0.0
0.0
0.224370956421
0.166069030762
0.00424385070801
0.000828981399536
0.000395059585571
0.0936698913574
0.17372584343
0.00345492362976
0.0784389972687
0.242210865021
0.00354790687561
0.0859780311584
0.226526021957
0.00323414802551
0.0772759914398
0.238656997681
0.00346398353577
0.229219198227
0.00311183929443
0.00328993797302
0.129329919815
0.00571799278259
1.08357405663
0.873428106308
1.07736706734
0.985690832138
0.784738063812
0.889668941498
1.14222216606
0.711587190628
2.69412994385e-05
8.82552099228
0.129067897797
1.29009389877
1.29029297829
1.26216888428
1.25670981407
1.44571805
1.44171118736
1.14699101448
1.14493703842
1.13518095016
1.13145089149
1.32350516319
1.3205640316
1.3334980011
1.33044099808
1.06663489342
1.06068301201
3.09944152832e-05
11.3454589844
0.244060993195
0.0223321914673
0.184514045715
0.248349905014
0.251577138901
0.00339698791504
0.244753837585
0.248544931412
0.00330185890198
0.242828130722
0.246320009232
0.00339007377625
0.24749994278
0.250885009766
0.00365591049194
0.240986824036
0.244243860245
0.00325989723206
0.248707056046
0.0218839645386
0.182125091553
185.66602993
0.0
185.320119858
0.0
0.0
0.0
0.0
0.0
0.0
183.061141014
0.0
183.06103611
0.0
0.0
183.093653917
183.061471939
0.0
0.0
0.0
0.0
1.38282775879e-05
9.05990600586e-06
0.0
0.0
0.0
0.0
2.59876251221e-05
0.0
0.0
0.0
0.0
0.0
0.0
0.0
0.0
0.0
0.0
0.0
0.0
0.0
0.0
0.0
0.0
2.38418579102e-05
0.0
0.0
0.0
0.0
0.0
0.0
0.0
0.0
0.0
0.0
0.0
0.0
0.0
0.0
0.0
0.0
0.0
0.0
0.0100059509277
0.163489818573
0.00497698783875
1.00645709038
1.08355212212
0.862738132477
0.868916988373
1.06597304344
0.954710006714
1.13750004768
1.14211606979
0.707525014877
0.711515903473
3.50475311279e-05
1.25478410721
1.25949907303
1.25239181519
1.25659704208
1.43272399902
1.43806505203
1.14754700661
1.31646299362
1.3204870224
1.32635998726
1.3303360939
1.05259299278
0.244743824005
0.0222499370575
0.0033540725708
0.184676170349
0.23629117012
0.021332025528
0.00340485572815
0.180356025696
183.094115019
0.0
0.0
0.0
0.0
0.0
0.0
0.0
0.0
0.0
0.0
0.0
0.0
0.0
0.0
0.0
0.0
0.0
0.0
0.0
0.0
0.0
0.0
2.76472210884
0.0
0.0
0.0
0.0
0.0
0.0
0.0796601772308
0.156383991241
0.00361323356628
0.926034927368
1.07078289986
1.07719397545
0.954838991165
0.969383955002
0.776017904282
0.780111074448
0.88490319252
0.889484882355
0.702601909637
1.25455784798
1.44613790512
1.43816304207
1.44160819054
9.58442687988e-05
1.14167904854
1.14484000206
1.12252998352
1.12666678429
1.05659008026
1.06058716774
3.88622283936e-05
0.00170302391052
0.00438213348389
0.247560977936
0.0221409797668
0.00360512733459
0.187701940536
0.241575956345
0.022173166275
0.00359392166138
0.185286045074
186.062654018
0.0
0.0
1.59740447998e-05
0.0
0.0
0.0
0.0
0.0
0.0
0.0
0.0
0.0
0.0
0.0
0.0
0.0
0.0
0.0
0.0
0.0
51.5559039116
0.169818878174
59.1345961094
0.0060179233551
0.00134181976318
0.0
0.0
0.0
0.0
0.0
0.0
0.0
0.0
0.226339817047
0.167634963989
0.00493288040161
