0
0
0
0
0
0
0
0
0
0
0
0.0
0.0
0.0
0.0
0.0
0.0
0.0
0.0
0.0
0.0
0.0
0.0
0.0
0.0
0.0
0.0
0.0
0.0
0.0
0.0
0.0
0.0
0.0
0.0
0.0
0.0
0.0
0.0
0.0
0.0
0.0
0.0
0.0
0.0
0.0
0.0
0.0
0.0
0.0
0.0
0.0
0.0
0.0
0.0
0.0
0.0
0.0
0.0
0.0
0.0
0.0
0.0
0.0
0.0
0.0
0.0
0.0
0.0
0.0
0.0
0.0
0.0
0.0
0.0
0.0
0.0
0.0
0.0
0.0
0.0
0.0
0.0
0.0
0.0
0.0
0.0
0.0
0.0
0.0
0.0
0.0
0.0
0.0
0.0
0.0
0.0
0.0
0.0
0.0
0.0
0.0
0.0
0.0
0.0
0.0
0.0
0.0
0.0
0.0
0.0
0.0
0.0
0.0
0.0
0.0
0.0
0.000144004821777
0.000662088394165
0.0014169216156
0.00168991088867
0.00172686576843
0.00318384170532
0.00323295593262
0.00330400466919
0.00331783294678
0.00338983535767
0.00339317321777
0.00339698791504
0.00342392921448
0.00344181060791
0.00349712371826
0.00349903106689
0.00354409217834
0.00358009338379
0.00358486175537
0.00359797477722
0.00361204147339
0.00363898277283
0.00364995002747
0.0037670135498
0.00381398200989
0.702601909637
0.702766895294
0.707431793213
0.707525014877
0.711515903473
0.711587190628
0.775850057602
0.776017904282
0.780111074448
0.780303001404
0.784629106522
0.784738063812
0.86265707016
0.862738132477
0.868916988373
0.868958950043
0.873383998871
0.873428106308
0.875528097153
0.875597953796
0.884672880173
0.88490319252
0.889484882355
0.889668941498
0.926034927368
0.926134109497
0.954710006714
0.954838991165
0.969383955002
0.969428062439
0.98553109169
0.985690832138
1.00628399849
1.00645709038
1.05259299278
1.05278611183
1.05644607544
1.05659008026
1.06058716774
1.06068301201
1.06597304344
1.06609797478
1.06652092934
1.06663489342
1.07066082954
1.07078289986
1.07719397545
1.07736706734
1.08355212212
1.08357405663
1.1224219799
1.12252998352
1.12666678429
1.12682414055
1.13134407997
1.13145089149
1.13279795647
1.13292312622
1.13518095016
1.13572692871
1.13740992546
1.13750004768
1.13771414757
1.13788294792
1.14158701897
1.14167904854
1.14211606979
1.14222216606
1.14484000206
1.14493703842
1.14699101448
1.14754700661
1.24837517738
1.24856090546
1.25228095055
1.25239181519
1.25455784798
1.25478410721
1.25659704208
1.25670981407
1.25949907303
1.2596809864
1.26216888428
1.26276993752
1.29009389877
1.2901661396
1.29029297829
1.29045200348
1.31231403351
1.31236219406
1.31632995605
1.31646299362
1.3204870224
1.3205640316
1.32226109505
1.32243013382
1.32350516319
1.32392406464
1.3262219429
1.32635998726
1.3303360939
1.33044099808
1.3334980011
1.33390402794
1.4324760437
1.43272399902
1.43806505203
1.43816304207
1.44160819054
1.44171118736
1.44571805
1.44613790512
183.06103611
183.061141014
183.061471939
183.061503172
183.093653917
183.094115019
186.062654018
186.062689781
