0.926134109497
0.928094148636
1.00628399849
1.0095179081
0.868958950043
0.870772123337
0.873383998871
0.873387098312
1.06609797478
1.06778788567
1.07066082954
1.07221388817
0.775850057602
0.777407884598
0.875597953796
0.876962900162
0.884672880173
0.886390924454
1.13279795647
1.13462114334
0.702766895294
0.704756975174
0.707431793213
0.708748817444
1.29045200348
1.29504418373
1.2596809864
1.26080393791
1.2901661396
1.29032921791
1.24856090546
1.24987196922
1.25228095055
1.25380706787
1.13788294792
1.13907599449
1.14158701897
1.1430850029
1.13572692871
1.1367149353
1.1224219799
1.12398791313
1.32392406464
1.32423996925
1.31231403351
1.31396603584
1.32226109505
1.32368206978
1.06652092934
1.05278611183
1.05420207977
1.05644607544
1.05799007416
1.08961892128
186.062689781
0.86265707016
0.862785100937
0.969428062439
0.970961093903
0.98553109169
0.985681056976
0.780303001404
0.781884908676
0.784629106522
0.7854180336
0.875528097153
0.877012014389
1.13292312622
1.13467812538
1.13740992546
1.13912892342
1.26276993752
1.26706194878
1.24837517738
1.2498049736
1.4324760437
1.43422198296
1.13771414757
1.13896107674
1.12682414055
1.12842607498
1.13134407997
1.13202810287
1.31236219406
1.31396007538
1.31632995605
1.3178229332
1.33390402794
1.33459806442
1.32243013382
1.3237991333
1.3262219429
1.32775998116
183.061503172
1.08357405663
1.08559083939
0.873428106308
0.873479127884
1.07736706734
1.07737493515
0.985690832138
0.985791921616
0.784738063812
0.785413980484
0.889668941498
0.890173912048
1.14222216606
1.14249205589
0.711587190628
0.712321996689
1.29009389877
1.29513597488
1.29029297829
1.29037308693
1.26216888428
1.26718306541
1.25670981407
1.25678682327
1.44571805
1.4488928318
1.44171118736
1.4417681694
1.14699101448
1.1521859169
1.14493703842
1.14512300491
1.13518095016
1.1367650032
1.13145089149
1.13204884529
1.32350516319
1.3244330883
1.3205640316
1.32100391388
1.3334980011
1.33467102051
1.33044099808
1.33053398132
1.06663489342
1.06068301201
1.06173205376
1.08958697319
183.061141014
183.06103611
183.093653917
183.061471939
1.00645709038
1.08355212212
1.00953817368
1.08551216125
0.862738132477
0.862812042236
0.868916988373
0.870843172073
1.06597304344
1.06772494316
0.954710006714
0.956372022629
1.13750004768
1.13916707039
1.14211606979
1.14244508743
0.707525014877
0.708735942841
0.711515903473
0.712306976318
1.25478410721
1.25657320023
1.25949907303
1.26067209244
1.25239181519
1.25383400917
1.25659704208
1.25674200058
1.43272399902
1.43434309959
1.43806505203
1.4388859272
1.14754700661
1.1520678997
1.31646299362
1.31788086891
1.3204870224
1.32098913193
1.32635998726
1.32781505585
1.3303360939
1.33048009872
1.05259299278
1.05412197113
183.094115019
0.926034927368
0.928051948547
1.07078289986
1.07227087021
1.07719397545
1.07724881172
0.954838991165
0.956451177597
0.969383955002
0.970962047577
0.776017904282
0.777462005615
0.780111074448
0.781806945801
0.88490319252
0.886505126953
0.889484882355
0.890054941177
0.702601909637
0.704726934433
1.25455784798
1.25652194023
1.44613790512
1.44872689247
1.43816304207
1.43893909454
1.44160819054
1.4417090416
1.14167904854
1.14312386513
1.14484000206
1.14507079124
1.12252998352
1.1240439415
1.12666678429
1.12831997871
1.05659008026
1.0580830574
1.06058716774
1.06169700623
186.062654018
